stop_id,stop_bearing,stop_lat,stop_lon
10000802,313.1,64.111089000000007,-21.908351
10000804,269.8,64.109082000000001,-21.909596000000001
10000805,270.9,64.109198,-21.917279
10000806,272.2,64.109191999999993,-21.924001000000001
10000807,274.7,64.109298999999993,-21.930667
10000808,0.1,64.111243999999999,-21.935373999999999
10000809,91.3,64.113603999999995,-21.929884000000001
10000810,80.5,64.113681999999997,-21.923297999999999
10000811,268.2,64.107373999999993,-21.874089999999999
10000812,89.5,64.114525999999998,-21.903531000000001
10000814,83.0,64.114422000000005,-21.899865999999999
10000815,223.2,64.113327999999996,-21.84835
10000817,255.9,64.085384000000005,-21.819621999999999
10000818,43.2,64.113248999999996,-21.848192000000001
10000819,96.4,64.111757999999995,-21.884426999999999
10000820,91.8,64.110166000000007,-21.895859999999999
10000821,271.8,64.110274000000004,-21.895669000000002
10000822,272.0,64.110378999999995,-21.900321999999999
10000823,78.8,64.085310000000007,-21.818631
10000824,54.1,64.087018,-21.812823999999999
10000825,205.5,64.099644999999995,-21.904513000000001
10000826,29.7,64.099710999999999,-21.903924
10000827,279.2,64.098690000000005,-21.905116
10000828,276.4,64.111829999999998,-21.884425
10000830,237.5,64.087173000000007,-21.812628
10000831,308.0,64.098579999999998,-21.870173999999999
10000832,18.5,64.110889,-21.85211
10000834,285.1,64.0893318657809,-21.8426006419659
10000835,71.9,64.106454999999997,-21.855698
10000836,251.9,64.106594999999999,-21.855848999999999
10000837,304.9,64.107757000000007,-21.860164999999999
10000838,271.0,64.109553000000005,-21.866266
10000839,198.5,64.110900999999998,-21.852318
10000842,97.3,64.114069000000001,-21.887445
10000843,276.1,64.1143221890465,-21.8876962017482
10000844,89.8,64.113929999999996,-21.87987
10000845,274.9,64.1141001281269,-21.8799443092546
10000846,94.0,64.113677999999993,-21.872197
10000847,274.0,64.113842,-21.872486
10000848,275.0,64.113735,-21.868226
10000849,98.0,64.113461000000001,-21.866342
10000850,129.7,64.112943999999999,-21.861297
10000851,305.1,64.113209,-21.86117
10000852,146.0,64.110757000000007,-21.856081
10000853,320.3,64.110813,-21.855532
10000854,156.9,64.107073999999997,-21.905615000000001
10000856,342.3,64.106196999999995,-21.903763999999999
10000857,94.5,64.109999999999999,-21.888501000000002
10000858,274.5,64.110157999999998,-21.888489
10000859,92.0,64.110292000000001,-21.899697
10000860,161.0,64.090785999999994,-21.808157999999999
10000862,246.7,64.105857999999998,-21.872156
10000863,66.7,64.105812,-21.871791999999999
10000864,238.7,64.10427,-21.879688999999999
10000865,58.7,64.104185,-21.879448
10000872,261.3,64.102284999999995,-21.892144999999999
10000873,79.8,64.102069999999998,-21.892386999999999
10000874,266.6,64.102703,-21.886314
10000875,40.0,64.102525,-21.885823
10000876,130.8,64.098921000000004,-21.871548000000001
10000880,90.8,64.089365999999998,-21.845248000000002
10000882,356.3,64.100825,-21.871459000000002
10000883,117.6,64.102108999999999,-21.864024000000001
10000884,177.4,64.099474000000001,-21.862352999999999
10000885,140.9,64.096328,-21.858788000000001
10000887,119.2,64.093776000000005,-21.853171
10000889,124.9,64.092119999999994,-21.846356
10000892,258.2,64.108301999999995,-21.895524000000002
10000893,259.0,64.107808000000006,-21.901346
10000894,260.1,64.108751999999996,-21.890087999999999
10000895,287.6,64.107586999999995,-21.879615999999999
10000900,20.9,64.097631,-21.891484
10000901,21.2,64.100015,-21.889215
10000903,201.8,64.099989,-21.889837
10000904,201.6,64.097616000000002,-21.891752
10000906,80.7,64.114277000000001,-21.914967000000001
10000907,313.2,64.096463,-21.858741999999999
10000908,21.3,64.098855,-21.862279999999998
10000909,297.6,64.102216999999996,-21.863889
10000910,176.3,64.100793999999993,-21.871763000000001
10000911,189.3,64.090012000000002,-21.843933
10000917,185.0,64.110944000000003,-21.873839
10000918,91.0,64.109514000000004,-21.866139
10000919,118.6,64.107695000000007,-21.860097
10000920,133.5,64.086819,-21.83374
10000922,63.7,64.084613000000004,-21.825444000000001
10000923,248.6,64.084677999999997,-21.826077999999999
10000925,313.5,64.086905000000002,-21.833584999999999
10000926,5.0,64.110981,-21.873669
10000927,274.9,64.109807000000004,-21.860417999999999
10000928,4.4,64.110826000000003,-21.862431000000001
10000929,158.3,64.1077307521777,-21.9012575604432
10000930,78.8,64.1082428971891,-21.8949856142625
10000931,79.0,64.1086400526015,-21.8904403899256
10000932,109.4,64.1075388010915,-21.8795335956611
10000933,70.1,64.1073332858159,-21.8740787033099
10000936,95.1,64.1097074496591,-21.860406318069
10000937,269.5,64.1146951648691,-21.9068959221268
10000938,263.7,64.114436747609,-21.915096355604
10000939,260.2,64.1138108977218,-21.9233745698796
10000940,266.3,64.1137321861171,-21.9293682771579
10000941,180.2,64.1110764334112,-21.9356735893651
10000942,106.1,64.1092386222099,-21.931263789341
10000943,91.6,64.1091270432019,-21.9242167724833
10000944,90.9,64.1090471314352,-21.9172420900144
10000945,341.0,64.090773999999996,-21.807935000000001
10000946,269.5,64.111428000000004,-21.872992
10000948,92.7,64.114587,-21.894919999999999
10000949,269.1,64.1148053730673,-21.8950634999233
10000950,167.1,64.0847611525669,-21.8202757765777
10000951,173.2,64.082119000000006,-21.817871
10000953,342.2,64.0927826838478,-21.8094080550478
10000954,0.8,64.096424999999996,-21.805488
10000955,180.8,64.096530000000001,-21.805769999999999
10000956,246.9,64.093697000000006,-21.808651000000001
10000957,50.9,64.08076,-21.813769
10000961,92.8,64.1113109279616,-21.8712193283921
10000962,95.2,64.1111001509471,-21.865524664794
10000963,90.9,64.1089980214091,-21.9095188983322
10000964,142.9,64.0943230244082,-21.8617431163278
10000965,321.9,64.0944757904809,-21.8616214526045
10000966,113.3,64.0896855104562,-21.8549341473963
10000967,293.3,64.0898393254196,-21.8547591189958
10000968,9.3,64.0901261552729,-21.8436348169245
10000969,304.9,64.0922066046754,-21.8463327277251
10000970,299.2,64.0939306587926,-21.8531851724621
10010802,0.0,64.1116425433607,-21.908605556863073
10020802,0.0,64.11165829999837,-21.908316860940364
10030802,0.0,64.11092169362851,-21.907946977592374
10040802,0.0,64.1110634961011,-21.907144056628127
11000100,303.6,64.146191000000002,-21.977658999999999
11000101,324.3,64.148336,-21.98321
11000102,253.3,64.150700999999998,-21.987076999999999
11000103,251.2,64.149907999999996,-21.992431
11000104,321.8,64.151323000000005,-22.002625999999999
11000105,324.0,64.153259000000006,-22.004812000000001
11000106,23.1,64.155473000000001,-22.003511
11000107,24.2,64.157640000000001,-22.001297000000001
11000108,108.3,64.157635999999997,-21.992570000000001
11000109,175.1,64.154798,-21.986626999999999
11000110,162.4,64.152591999999999,-21.985946999999999
11000111,153.4,64.150386999999995,-21.9861
11000112,142.7,64.148036000000005,-21.982980999999999
11000113,123.6,64.146086999999994,-21.977692000000001
11000147,139.8,64.156782000000007,-21.988204
13001201,215.4,64.099867000000003,-21.916848999999999
13001202,110.3,64.099334999999996,-21.913226000000002
13001204,289.5,64.099529000000004,-21.912901999999999
13001206,158.7,64.091965000000002,-21.929767999999999
13001207,102.0,64.098382999999998,-21.903811000000001
13001208,196.9,64.085650999999999,-21.909578
13001209,16.9,64.085800000000006,-21.909279000000002
13001210,27.4,64.088234999999997,-21.907285000000002
13001211,39.4,64.089626999999993,-21.904301
13001212,207.4,64.088218999999995,-21.907533000000001
13001218,305.2,64.086775000000003,-21.916422000000001
13001219,305.3,64.087861209459,-21.92007600127
13001222,58.0,64.092528000000001,-21.902847000000001
13001223,304.0,64.096422000000004,-21.902784
13001224,219.4,64.089579999999998,-21.904582999999999
13001225,135.7,64.096019999999996,-21.90212
13001226,238.0,64.092585,-21.903220999999998
13001233,242.6,64.077515000000005,-21.929596
13001234,170.8,64.0979809046859,-21.9071613098249
13001300,44.4,64.089679000000004,-21.929797000000001
13001301,176.5,64.09075,-21.942955999999999
13001302,194.3,64.088076000000001,-21.940529000000002
13001303,223.6,64.086973,-21.942166
13001304,293.4,64.085690999999997,-21.950247999999998
13001305,267.8,64.084713,-21.966145
13001306,303.6,64.089246000000003,-21.982334000000002
13001322,268.4,64.084827000000004,-21.958036
13001323,89.2,64.084719000000007,-21.957896000000002
13001328,124.0,64.088768999999999,-21.981235000000002
13001329,115.5,64.084810000000004,-21.967694999999999
13001330,97.7,64.091666000000004,-21.942917999999999
13001333,278.5,64.091819999999998,-21.942955999999999
13001334,124.8,64.08765,-21.91995
13001335,126.0,64.086336000000003,-21.915693999999998
13001336,338.7,64.092021000000003,-21.929625999999999
13001337,107.5,64.084208000000004,-21.904143000000001
13001339,287.5,64.084171999999995,-21.902866
13001343,157.5,64.077766999999994,-21.926525999999999
13001344,71.9,64.076160999999999,-21.922743000000001
13001345,66.6,64.076783000000006,-21.918972
13001346,29.4,64.078025999999994,-21.914425999999999
13001347,209.4,64.078046999999998,-21.914549000000001
13001348,246.6,64.076843999999994,-21.919125999999999
13001349,251.9,64.076222000000001,-21.922933
13001350,337.5,64.077831000000003,-21.926386999999998
13001351,118.9,64.085576000000003,-21.950153
13001352,43.6,64.086952999999994,-21.941986
13001353,14.3,64.088123999999993,-21.940318999999999
13001354,356.1,64.090879000000001,-21.942775000000001
13001355,244.9,64.092082,-21.936259
13001356,98.6,64.092176,-21.93456
13001361,201.8,64.074007,-21.914028
13001362,122.0,64.096512,-21.894143
13001504,34.6,64.086284000000006,-21.937747999999999
13001506,25.2,64.095162999999999,-21.922373
13001507,47.7,64.099366000000003,-21.914992000000002
13001523,204.7,64.096185000000006,-21.921987999999999
13001525,214.5,64.086354999999998,-21.938268999999998
13001584,64.7,64.077451999999994,-21.92963
13001586,105.7,64.082286,-21.890105
13001587,193.9,64.083042,-21.896583
13001588,52.6,64.0902770354474,-21.9294653094709
13001589,228.8,64.0901120054328,-21.9308091387264
13001590,127.3,64.0735401248068,-21.9028267489091
13001591,19.4,64.0684342822155,-21.8987324297482
13001592,323.8,64.0689895586691,-21.9042058920442
13001593,25.3,64.073927608902,-21.907433737127
14001500,23.0,64.067849,-21.957284
14001501,34.9,64.072041999999996,-21.954509999999999
14001502,15.7,64.075941,-21.951317
14001503,15.5,64.079736999999994,-21.948809000000001
14001504,346.6,64.072402,-21.966206
14001506,3.7,64.077295,-21.965835
14001512,285.9,64.078802,-21.954223
14001514,261.2,64.075418,-21.94595
14001515,332.6,64.0766171163806,-21.9376036338494
14001520,251.9,64.0670160143399,-21.93988787921
14001523,133.7,64.0587240755895,-21.9360584149224
14001525,249.8,64.057963,-21.949083
14001526,194.2,64.079085000000006,-21.94997
14001527,196.4,64.074785000000006,-21.952546999999999
14001528,214.7,64.071811999999994,-21.955183000000002
14001535,38.0,64.078841999999995,-21.963587
14001536,106.2,64.079269999999994,-21.958053
14001538,172.8,64.074665,-21.942402
14001539,173.4,64.071306000000007,-21.941305
14001540,153.2,64.068838999999997,-21.939605
14001541,35.1,64.064380999999997,-21.947991999999999
14001542,215.1,64.064357000000001,-21.948488999999999
14001543,246.8,64.062707000000003,-21.953896
14001544,240.7,64.060473000000002,-21.962541999999999
14001545,64.4,64.062054000000003,-21.961625000000002
14001546,7.1,64.065841000000006,-21.956042
14001547,249.6,64.052061,-21.974783
14001551,285.8,64.079561999999996,-21.958359000000002
14001552,216.4,64.079396000000003,-21.962947
14001561,99.8,64.067288000000005,-21.947194
14001567,272.8,64.055659000000006,-21.979984000000002
14001568,339.6,64.057010000000005,-21.982707000000001
14001580,66.8,64.062611000000004,-21.953707999999999
14001583,333.2,64.068899999999999,-21.939511
14001587,60.7,64.060402999999994,-21.962432
14001588,194.2,64.066405,-21.935842
14001589,150.2,64.062641999999997,-21.934570000000001
14001596,281.7,64.067181000000005,-21.936015999999999
14001597,254.7,64.067353,-21.948527
14001600,194.7,64.065194000000005,-21.956772999999998
14001601,244.4,64.062178000000003,-21.96172
14001602,252.2,64.050652999999997,-21.982216999999999
14001603,166.9,64.048204999999996,-21.980834999999999
14001604,163.0,64.045543255643,-21.979178128346
14001605,70.6,64.053245000000004,-21.971125000000001
14001607,70.5,64.056630999999996,-21.957028000000001
14001608,24.9,64.055724999999995,-21.945865000000001
14001609,250.5,64.056764999999999,-21.956983999999999
14001610,22.2,64.054939000000005,-21.965700999999999
14001611,11.8,64.057241000000005,-21.965128
14001612,250.6,64.053334000000007,-21.971691
14001613,343.0,64.045546000000002,-21.979054999999999
14001614,346.9,64.048361,-21.980808
14001615,72.2,64.050623000000002,-21.981940999999999
14001616,249.9,64.052789,-21.975244
14001617,161.5,64.051702,-21.980002
14001618,341.5,64.051711,-21.979893
14001619,69.9,64.05275,-21.974952
14001620,191.8,64.057287000000002,-21.965357000000001
14001626,227.1,64.066051000000002,-21.944889
14001627,353.4,64.071382,-21.941172000000002
14001634,47.2,64.066074999999998,-21.944603999999998
14001638,256.8,64.043227999999999,-21.96752
14001639,256.4,64.042418999999995,-21.975853999999998
14001640,11.4,64.043017000000006,-21.977810000000002
14001641,67.8,64.075742000000005,-21.941716
14001646,260.2,64.075714000000005,-21.943929000000001
14001647,191.4,64.043002999999999,-21.977965999999999
14001648,76.4,64.042339999999996,-21.97579
14001649,76.8,64.043163000000007,-21.967206000000001
14001650,58.2,64.060387000000006,-21.978211000000002
14001653,238.2,64.060473000000002,-21.978383999999998
14001655,77.4,64.043668999999994,-21.96265
14001660,157.0,64.049266000000003,-21.983865999999999
14001661,337.0,64.049250999999998,-21.983720999999999
14001663,241.7,64.0769446527884,-21.9374269861653
14001665,185.9,64.077027,-21.966447
14001666,166.7,64.072377,-21.966695
14001667,90.0,64.069827,-21.962006
14001668,269.9,64.069956,-21.96178
14001669,74.7,64.067258,-21.948475
14001672,131.7,64.059575,-21.929398
14001673,94.7,64.066839,-21.9418
14001674,137.2,64.05701,-21.932122
14001675,137.2,64.056949,-21.932365
14001676,292.9,64.05917,-21.937516
14001677,69.8,64.057846,-21.948962
14001678,57.7,64.062015,-21.972
14001679,237.6,64.062195,-21.972034
14001680,139.7,64.05656,-21.978164
14001681,332.0,64.058947,-21.988155
14001682,311.7,64.059652,-21.929459
14001684,321.5,64.062704,-21.934502
14001685,355.4,64.065152,-21.93409
14001686,108.2,64.059424,-21.983909
16031307,358.8,64.1061277550452,-22.009885198667
16031308,314.2,64.109385000000003,-22.012975000000001
16031309,344.8,64.114947999999998,-22.005856999999999
16031310,134.2,64.109252999999995,-22.012978
16031311,229.4,64.109516999999997,-22.018227
16031312,227.8,64.108250999999996,-22.021435
16031313,180.2,64.104416999999998,-22.027197999999999
16031314,176.2,64.102159999999998,-22.026917000000001
16031315,141.8,64.100104999999999,-22.025576000000001
16031317,247.8,64.100621000000004,-22.019044999999998
16031318,321.8,64.100226000000006,-22.025542999999999
16031319,67.8,64.100561999999996,-22.018891
16031320,338.3,64.102340999999996,-22.017873999999999
16031321,1.7,64.102592000000001,-22.009632
16031322,181.7,64.1025974321652,-22.0098531589104
16031323,356.2,64.102224000000007,-22.026779999999999
16031324,0.2,64.104472999999999,-22.027018999999999
16031325,47.3,64.108264000000005,-22.021144
16031326,47.1,64.109500999999995,-22.017855000000001
16031327,178.8,64.106082000000001,-22.009841999999999
16040604,322.2,64.159549999999996,-21.725659
16040606,4.3,64.163149000000004,-21.727951999999998
16040607,28.0,64.168510999999995,-21.717552000000001
16040608,74.3,64.169358000000003,-21.714603
16040609,135.9,64.1700323065465,-21.7081721206792
16040610,53.0,64.1696206480061,-21.6996765174318
16040611,152.8,64.169866999999996,-21.692703000000002
16040612,225.5,64.167205999999993,-21.694365999999999
16040613,124.8,64.163313000000002,-21.687657999999999
16040614,130.7,64.158347000000006,-21.670779
16040615,131.7,64.155737999999999,-21.663995
16040616,60.8,64.167079000000001,-21.722705999999999
16040617,261.8,64.153855,-21.65753
16040618,309.7,64.158349000000001,-21.670577000000002
16040619,56.2,64.167237,-21.693797
16040620,247.9,64.16593,-21.702089
16040621,311.7,64.155782117462707,-21.6639075700859
16040622,320.9,64.164058999999995,-21.689208000000001
16040624,26.8,64.171424000000002,-21.677768
16040625,25.2,64.1607780403207,-21.7195195069781
16040626,205.2,64.1610835548314,-21.7197697163752
16040634,327.7,64.169967999999997,-21.692647000000001
16040635,233.0,64.1696530641305,-21.6998814075743
16040636,246.3,64.170265999999998,-21.708993
16040637,253.4,64.169377999999995,-21.715147000000002
16040638,200.6,64.168441999999999,-21.717853000000002
16040639,215.4,64.166032000000001,-21.725909999999999
16040641,142.2,64.159295999999998,-21.725839000000001
16040649,184.3,64.162987000000001,-21.728159000000002
16040650,132.9,64.160713999999999,-21.68113
16040651,315.8,64.161111000000005,-21.681836000000001
16040652,213.4,64.170692000000003,-21.679203999999999
16040653,137.6,64.183772,-21.682118
16040655,161.5,64.162784000000002,-21.663820000000001
16040656,88.1,64.180301,-21.635617
16040657,88.1,64.180536000000004,-21.619703999999999
16040658,87.9,64.180738000000005,-21.606306
16040659,96.9,64.180336999999994,-21.590415
16040660,267.9,64.18083,-21.606563999999999
16040661,268.1,64.180615000000003,-21.619986999999998
16040662,268.1,64.18039,-21.635743
16040663,114.5,64.1674549312659,-21.6825120604026
16040666,101.9,64.1673578872702,-21.664741757037
16040667,315.2,64.1689672717032,-21.6714987268818
16040668,296.6,64.1675276419087,-21.6820541257391
16040669,82.3,64.1656954722233,-21.7034970207252
16049670,339.7,64.1816750307885,-21.6919785651855
16049671,334.9,64.1845172585536,-21.694540913184
16049672,159.7,64.1815937735662,-21.6925666485543
16049673,60.6,64.1661665888489,-21.6966621476578
16049674,357.6,64.1678556347102,-21.692131527505
20000003,120.3,63.973625,-22.54305
20000006,305.1,63.973935,-22.543178
20000007,358.3,63.993969,-22.551521
20000008,149.9,64.000792,-22.559937
20000010,275.9,63.991154,-22.549142
20000011,184.6,63.985702,-22.549317
20000012,4.8,63.987306,-22.549081
20000013,184.2,63.988328,-22.548869
20000014,281.5,63.972134,-22.530116
20000015,101.5,63.971988,-22.530065
20000016,349.3,63.977047,-22.547051
20000017,4.6,63.985411,-22.549051
20000018,4.3,63.987696,-22.548561
20000020,292.7,63.996435,-22.562531
20000021,57.4,63.99847,-22.562761
20000022,329.9,64.00089,-22.559641
20000024,243.2,63.969848,-22.513746
20000025,128.4,63.968518,-22.514284
20000026,146.1,63.934303,-22.687508
20000027,232.4,63.935349,-22.685721
20000028,137.9,63.933274,-22.682975
20000029,329.7,63.933638,-22.680521
20000033,243.9,63.967085,-22.581452
20000034,126.4,63.973134,-22.580261
20000036,343.1,64.00289,-22.57961
20000041,57.9,63.969351,-22.570984
20000042,138.2,63.97147,-22.575254
20000045,189.9,63.972781,-22.56637
20000047,179.1,63.975469,-22.565975
20000049,341.0,63.971999,-22.558921
20000051,47.5,63.981577,-22.557891
20000053,358.9,63.990053,-22.554063
20000057,276.0,63.989424,-22.550978
20000058,178.1,63.993639,-22.549056
20000059,90.4,63.99498,-22.550085
20000060,251.2,64.000254,-22.576353
20000061,247.8,64.002165,-22.570368
20000063,315.2,64.009702,-22.575426
20000064,354.0,64.010964,-22.575363
20000067,247.7,64.003242,-22.564256
20000069,76.9,64.005994,-22.564646
20000072,152.2,64.001117,-22.556697
20000073,230.8,64.002764,-22.558661
20000087,69.8,63.973027,-22.522569
20000090,115.2,63.974372,-22.512978
20000092,70.4,63.97499,-22.505276
20000094,100.3,63.974385,-22.50035
20000095,133.9,63.972477,-22.495793
20000096,130.6,63.97101,-22.490074
20000098,237.9,63.96946,-22.571307
20000099,228.1,63.981447,-22.558577
20000100,77.3,64.004759,-22.57717
20000101,77.2,64.006563,-22.575019
20000110,90.4,63.9970686450498,-22.628119
20000118,293.6,63.974507,-22.512817
20000128,16.3,63.9722,-22.565779
20000132,159.9,64.005568,-22.565461
20000133,149.8,63.998337744079898,-22.5565331531079
20000134,329.8,63.998371222834898,-22.5564066411808
20000135,339.9,64.006591,-22.565913
20000201,85.6,63.971422,-22.481774
20000204,283.1,63.975008,-22.506048
20000247,327.2,63.974637,-22.500403
20000248,250.4,63.973284,-22.521812
20000250,262.8,63.994958,-22.555162
20000251,44.6,63.995951,-22.567352
20000252,159.4,64.004656,-22.560814
20000253,237.4,63.998574,-22.563158
20000254,230.8,63.99602,-22.568029
20000255,80.7,63.994811,-22.555116
20000256,169.3,63.977175,-22.547549
20000258,165.0,63.972223,-22.552513
20000259,4.9,63.968071,-22.591481
20000260,22.3,63.972241,-22.588432
20000261,182.5,63.993969,-22.551521
20000262,313.9,63.9726,-22.4957
20000609,268.7,63.971153,-22.490191
23000001,9.7,63.843765,-22.435763
23000002,5.3,63.839459090783301,-22.437825607729099
25030001,183.4,64.033948,-22.700544
25030002,257.6,64.038352,-22.704308
25030003,6.3,64.041085322698095,-22.712208956330599
25040002,331.0,64.069799,-22.651014
25040005,297.5,64.075932,-22.668548
25040006,105.8,64.0720646878747,-22.657318767610899
25040007,285.7,64.072152900000006,-22.657284409999999
25040008,126.7,64.064251040064306,-22.639801909407701
25040009,309.2,64.064288069085194,-22.639762033330999
25060001,350.2,63.96244,-22.42051
25060002,206.4,63.975115,-22.359635
25060003,277.4,63.982788,-22.379973
25060005,86.9,63.973609299640799,-22.357684341092298
30001807,279.9,64.319620999999998,-22.063735999999999
30001808,303.7,64.320346999999998,-22.069842000000001
30001809,221.0,64.321487000000005,-22.075413000000001
30001810,36.0,64.317774999999997,-22.082324
30001811,41.0,64.321423999999993,-22.074950999999999
30001812,158.5,64.320495,-22.070502
30001813,99.9,64.319542999999996,-22.063942999999998
30001822,221.2,64.326607442924,-22.0547478363332
30001823,166.4,64.319884999999999,-22.059070999999999
30001824,347.0,64.320121999999998,-22.059034
30001825,41.2,64.3266320953141,-22.0541501240127
30001827,220.5,64.322727,-22.057072000000002
30001828,40.5,64.322708000000006,-22.056719999999999
31770001,117.7,65.077996,-22.72399
31770002,205.7,65.072023,-22.733308
35111819,125.9,64.38244,-21.849571
36091900,303.4,64.54366,-21.911567
36091901,14.0,64.766313,-21.552072
36091902,326.0,64.563512,-21.760036
36091903,61.4,64.655831,-21.403658
36091904,36.6,64.664498,-21.294091
36091906,207.6,64.674734,-21.666195
36091907,337.9,64.5402084852402,-21.921574032679001
37090001,104.7,64.925097,-23.260496
37100001,88.4,64.9657155788255,-22.8892991922126
37130001,140.8,64.849237,-22.733502
37140001,129.9,64.893979,-23.704382
37140002,80.9,64.921473,-23.829734
37140003,172.4,64.917249,-23.883747
38110001,26.3,65.108063,-21.763202
38110002,339.6,65.3821852089881,-21.8762267930329
45020001,11.7,65.45467,-21.923182
45020004,191.7,65.454697943332803,-21.924041206859901
49080001,218.8,65.144715,-21.083616
49110001,261.7,65.700898,-21.685735
49110002,110.9,65.927222,-22.4275
49110003,245.8,65.931111,-22.581667
49110004,29.0,66.025833,-22.991389
49110005,174.9,66.071111,-23.121944
49110006,56.0,65.598056,-24.000278
49110008,78.2,65.52988,-23.1936
49110009,86.3,65.576111,-23.168056
49110010,228.6,65.736667,-23.208889
49110011,332.5,65.876389,-23.488889
49110012,216.3,66.070556,-23.121667
52000001,66.6,65.740862,-19.637706
52000002,322.3,65.553491,-19.446279
55080001,237.2,65.352475800767095,-20.884436520936799
55080003,177.7,65.381,-20.645
56040001,255.6,65.659872,-20.2769
56110001,76.4,65.8242363570201,-20.300123841206
60000001,118.4,65.683053,-18.09
60000007,348.2,65.676412,-18.098052
60000009,168.0,65.675047,-18.097684
60000010,352.1,65.673714,-18.096709
60000011,172.1,65.673508,-18.097042
60000012,173.2,65.67051,-18.095514
60000013,196.6,65.668507,-18.095915
60000015,169.1,65.664222,-18.090241
60000019,266.6,65.661674,-18.094439
60000020,86.6,65.661613,-18.094244
60000021,344.8,65.662827,-18.099084
60000022,164.8,65.662609,-18.099091
60000023,320.0,65.665331,-18.101314
60000024,140.0,65.665231,-18.101313
60000027,166.2,65.668767,-18.108311
60000028,346.2,65.668827,-18.108455
60000029,276.3,65.669796,-18.101431
60000030,98.7,65.669739,-18.101614
60000031,168.3,65.671948,-18.104293
60000032,348.6,65.672619,-18.104441
60000035,78.7,65.6743,-18.1074
60000037,77.8,65.673676,-18.115512
60000038,298.1,65.674142,-18.119973
60000039,115.3,65.673827,-18.118833
60000040,348.7,65.676372,-18.122134
60000041,171.9,65.676092,-18.122203
60000042,80.5,65.67796,-18.118367
60000043,260.7,65.678023,-18.119331
60000045,80.6,65.678355,-18.112794
60000052,177.3,65.681587,-18.100242
60000053,357.3,65.681825,-18.100031
60000054,178.1,65.684553,-18.100572
60000055,357.5,65.685086,-18.100399
60000056,121.2,65.687484,-18.098031
60000057,182.7,65.680149,-18.087338
60000061,349.1,65.668997,-18.085852
60000062,170.0,65.669451,-18.086216
60000063,170.3,65.666318,-18.084971
60000064,350.3,65.666535,-18.084775
60000065,42.0,65.664106,-18.082991
60000066,216.6,65.664067,-18.083244
60000067,202.3,65.661629,-18.084111
60000068,94.8,65.661222,-18.08483
60000069,325.4,65.685509,-18.091164
60000070,302.1,65.687259,-18.096295
60000071,244.9,65.688442,-18.103093
60000072,68.8,65.688173,-18.103687
60000073,86.4,65.687106,-18.120173
60000074,279.6,65.687289,-18.122405
60000075,359.1,65.686596,-18.129162
60000076,272.8,65.684259,-18.130902
60000077,269.3,65.684187,-18.131765
60000078,335.1,65.683851,-18.138579
60000079,154.2,65.683492,-18.138369
60000080,168.5,65.68549,-18.14048
60000081,226.7,65.687645,-18.141245
60000082,35.4,65.687563,-18.141172
60000083,210.6,65.688269,-18.136218
60000084,30.6,65.688803,-18.135289
60000085,311.3,65.689778,-18.138472
60000086,125.7,65.689528,-18.137961
60000087,167.5,65.691614,-18.14159
60000088,356.3,65.691989,-18.141542
60000089,134.8,65.694333,-18.143371
60000090,314.8,65.694557,-18.14418
60000091,210.7,65.69608,-18.14319
60000092,111.1,65.696066,-18.142001
60000093,306.8,65.694974,-18.136863
60000094,126.8,65.694808,-18.13657
60000095,30.6,65.694203,-18.132513
60000096,210.6,65.694296,-18.132572
60000097,299.0,65.695,-18.12924
60000098,119.0,65.694946,-18.129359
60000103,175.4,65.691181,-18.126235
60000105,178.3,65.689081,-18.124116
60000108,106.4,65.688096,-18.11662
60000110,41.5,65.68837,-18.112498
60000112,310.9,65.690419,-18.109798
60000113,304.0,65.693625,-18.114872
60000114,309.0,65.691858,-18.109864
60000115,132.3,65.690776,-18.107598
60000116,311.8,65.69093,-18.107199
60000117,311.5,65.689287,-18.102869
60000118,131.6,65.689223,-18.103407
60000119,55.5,65.689801,-18.09744
60000120,109.0,65.691337,-18.091652
60000123,156.9,65.686749,-18.082842
60000124,357.5,65.679715,-18.131744
60000125,154.6,65.678866,-18.131584
60000126,260.7,65.677699,-18.12388
60000128,259.3,65.673686,-18.114603
60000129,77.8,65.672467,-18.103809
60000130,89.3,65.677423,-18.126252
60000132,156.9,65.689563,-18.086457
60000137,79.5,65.679119,-18.103151
60000139,62.1,65.680587,-18.090284
60000140,179.1,65.686593,-18.129323
60000141,152.0,65.685184,-18.091117
60000142,235.0,65.691062,-18.093708
60000143,235.5,65.689918,-18.097514
60000150,61.2,65.68395,-18.08767
60000151,336.9,65.68643,-18.0832
60000152,336.9,65.68965,-18.0865
60000153,311.7,65.69111,-18.1118
60000154,297.0,65.693,-18.1184
60000155,298.5,65.69277,-18.1254
60000156,224.3,65.6948,-18.1255
60000157,118.5,65.69275,-18.1255
60000158,117.0,65.69296,-18.1185
60000159,130.9,65.69095,-18.1115
60000160,335.6,65.68516,-18.14
60000161,1.7,65.6804,-18.1159
60000162,18.9,65.68494,-18.1152
60000163,187.4,65.68426,-18.1158
60000164,158.5,65.67955,-18.1159
60000165,80.6,65.67866,-18.1086
60000166,170.4,65.67809,-18.09917
60000167,258.7,65.67435,-18.1073
60000168,345.0,65.66406,-18.0899
60000169,18.5,65.66857,-18.0957
60000170,347.4,65.67141,-18.0958
60000172,347.7,65.67835,-18.099
60000173,259.7,65.67931,-18.1016
60000174,260.7,65.67877,-18.1086
60000175,169.9,65.67218,-18.0859
60000176,155.3,65.67254,-18.0863
60000177,2.7,65.6801,-18.0872
60000178,80.8,65.6778,-18.1159
61000001,341.2,66.046915,-17.343375
61000005,104.3,65.626341,-16.17725
62500001,91.5,66.07082,-18.655939
62500002,203.5,66.149834,-18.903148
62500003,188.3,66.142078,-18.915306
62500004,5.1,66.141952,-18.915041
62500005,271.6,66.070939,-18.657531
62500006,46.9,66.074536,-18.642085
62500007,226.9,66.074606,-18.642297
64000001,32.5,65.966988,-18.529751
65060001,158.0,65.758471,-18.232226
65060002,310.7,65.928321,-18.364432
66070001,69.4,65.642,-16.911
66070002,105.4,65.567,-17.029
66090001,331.9,65.886061,-17.437669
66120001,60.3,65.7467,-17.912
66120002,30.1,65.705251,-17.622566
66120003,152.9,65.686,-17.539
66120004,159.2,65.7211000968779,-17.3719457585166
66120005,264.5,65.7381532924222,-17.4090906750738
70007101,156.9,65.260099999999994,-14.0067
73007352,113.5,65.031300000000002,-14.206799999999999
73007353,182.4,65.0323,-14.2186
73007354,97.9,65.034400000000005,-14.2278
73007356,36.2,65.077299999999994,-14.035
73007357,121.7,65.075800000000001,-14.0221
73007358,149.0,65.066599999999994,-14.0038
73007359,313.7,65.070800000000006,-14.0131
73007401,262.4,65.148499999999999,-13.667999999999999
73007402,99.2,65.148899999999998,-13.6785
73007403,82.7,65.148399999999995,-13.69
73007404,263.2,65.147900000000007,-13.6982
73007405,93.0,65.147499999999994,-13.706899999999999
73007551,113.7,64.934200000000004,-14.0281
73007552,117.6,64.932100000000005,-14.019299999999999
73007553,121.6,64.929199999999994,-14.0076
73007554,120.9,64.927700000000002,-14.0015
73007555,123.8,64.926400000000001,-14.0008
73007556,296.5,64.9306,-14.0155
73007557,101.1,64.833,-13.8738
75097201,125.0,65.5274,-13.8172
76137601,92.3,64.7921,-14.0094
76177651,62.3,64.656300000000002,-14.2807
76200001,116.3,65.459261,-15.50708
76200002,62.9,65.31667,-15.1163
76200003,137.7,65.2825,-14.4257
76200004,38.0,65.2614,-14.4059
76200005,122.0,65.2587083533151,-14.4069628003902
76207002,9.7,65.274799999999999,-14.4062
76207005,40.4,65.266800000000003,-14.3965
77080001,135.2,64.254227,-15.207482
77080002,317.6,63.990386,-16.893033
77080003,24.4,64.015611,-16.965545
77080004,20.7,64.015599,-16.9654
77080005,137.6,63.990355,-16.893124
77080007,247.3,64.046076,-16.177622
77080008,72.3,64.046031,-16.177135
77087801,348.7,64.302199999999999,-15.2262
77087802,26.2,64.25819,-15.20395
80000001,2.6,63.5323020405119,-20.1197098339123
82000001,86.5,63.937021999999999,-20.987521999999998
82000002,278.9,63.937351,-21.001897
82000003,325.8,63.943483999999998,-21.008141999999999
82000004,149.5,63.943386,-21.008523
82000005,98.0,63.937271000000003,-21.001902000000001
82000006,182.0,63.932287,-20.999224
82000011,91.6,63.933829,-20.995979
82000012,2.9,63.935726,-20.998903
82000013,182.9,63.935719,-20.998998
82000036,271.6,63.933871,-20.995996
85080001,300.5,63.418369,-19.003165
85080002,118.7,63.418279,-19.003218
85090002,337.8,63.793694,-18.03875
86130001,146.8,63.749494,-20.23306
86130002,327.0,63.749747,-20.232882
86130003,300.7,63.524103,-19.504503
86140001,167.4,63.834862,-20.401652
86140002,347.4,63.834994,-20.401563
87100001,158.6,64.1308641273949,-20.3214083190065
87160001,308.7,63.995477,-21.184366
87160002,128.7,63.995464,-21.184515
87170001,251.3,63.856668,-21.383841
87190001,50.5,64.0746664731188,-20.7643082216857
87190003,53.9,64.01444,-20.949087
87190004,334.6,64.119065,-20.708499
87190005,155.0,64.119199,-20.708822
87200001,228.5,64.023167,-20.521894
87200002,220.0,64.046013,-20.411393
87210001,54.5,64.177459,-20.453062
87210002,146.3,64.112901,-20.503891
87210003,31.2,64.220175,-20.732191
90000001,113.9,64.147504999999995,-21.934808
90000002,114.1,64.146761999999995,-21.931048000000001
90000003,9.5,64.143101000000001,-21.940087999999999
90000004,34.6,64.146477000000004,-21.937258
90000006,192.6,64.137099,-21.933662
90000007,290.0,64.137941598162499,-21.9339090580538
90000009,13.9,64.130841,-21.929604
90000011,204.5,64.138750000000002,-21.921420000000001
90000013,289.5,64.131921000000006,-21.889215
90000015,186.1,64.130009,-21.900467
90000016,3.9,64.129588,-21.899836
90000018,87.9,64.123754000000005,-21.821591000000002
90000019,268.0,64.124213999999995,-21.822106999999999
90000020,213.0,64.155814000000007,-21.941402
90000021,261.0,64.153042999999997,-21.951070000000001
90000022,137.6,64.151381000000001,-21.948571000000001
90000029,312.4,64.153822000000005,-21.869633
90000030,108.2,64.142627000000005,-21.90634
90000031,116.6,64.140660999999994,-21.896675999999999
90000032,88.9,64.140141999999997,-21.887948000000002
90000033,142.4,64.138023000000004,-21.877569999999999
90000034,309.2,64.135553000000002,-21.873334
90000036,2.8,64.144585000000006,-21.892053000000001
90000037,183.9,64.143826000000004,-21.892754
90000038,185.4,64.129480999999998,-21.863616
90000039,5.0,64.129536999999999,-21.863101
90000040,57.0,64.132948999999996,-21.855219999999999
90000041,323.6,64.133503,-21.869105
90000042,143.3,64.132639,-21.868289
90000044,320.9,64.13203,-21.863386999999999
90000045,142.4,64.133900999999994,-21.867151
90000046,323.4,64.136435000000006,-21.874203000000001
90000047,310.8,64.139195999999998,-21.879543000000002
90000048,262.0,64.140316999999996,-21.889824000000001
90000049,296.8,64.141194999999996,-21.898187
90000050,292.3,64.142926,-21.907164
90000051,132.4,64.153716000000003,-21.869696000000001
90000052,294.9,64.144475,-21.918977999999999
90000054,294.1,64.146842000000007,-21.930941000000001
90000055,215.2,64.147464999999997,-21.936230999999999
90000056,298.9,64.146559999999994,-21.942413999999999
90000057,118.9,64.146261999999993,-21.941607000000001
90000061,311.3,64.151683000000006,-21.949006000000001
90000062,61.5,64.153109000000001,-21.949784000000001
90000063,325.3,64.154464000000004,-21.947669000000001
90000064,55.1,64.155849000000003,-21.945205000000001
90000068,191.6,64.107754999999997,-21.841087000000002
90000069,146.4,64.104746000000006,-21.835345
90000071,288.9,64.098157999999998,-21.846830000000001
90000072,108.9,64.098067999999998,-21.846626000000001
90000073,271.6,64.110277999999994,-21.828901999999999
90000074,265.7,64.110315,-21.834713000000001
90000075,95.5,64.109701999999999,-21.842642999999999
90000076,267.2,64.120518000000004,-21.854944
90000077,285.1,64.120818999999997,-21.860312
90000078,285.3,64.121407000000005,-21.865542999999999
90000079,284.9,64.122631999999996,-21.876021999999999
90000080,288.5,64.123416000000006,-21.883334000000001
90000081,288.8,64.124171000000004,-21.888175
90000083,205.1,64.125810999999999,-21.888448
90000084,24.8,64.125855000000001,-21.887882999999999
90000085,322.1,64.133969,-21.866965
90000086,19.3,64.131416000000002,-21.883033000000001
90000087,337.1,64.133427999999995,-21.882667999999999
90000088,324.1,64.136689000000004,-21.887231
90000089,290.5,64.137862999999996,-21.891022
90000090,291.0,64.137293999999997,-21.898216000000001
90000091,283.9,64.138126999999997,-21.904177000000001
90000092,212.8,64.138844000000006,-21.909261999999998
90000093,15.1,64.140247000000002,-21.915137999999999
90000094,205.5,64.142291,-21.949048999999999
90000096,244.3,64.147909999999996,-21.960201000000001
90000097,244.1,64.147192000000004,-21.963691000000001
90000098,244.0,64.146040999999997,-21.965254999999999
90000099,58.5,64.144987,-21.969866
90000114,112.5,64.144683000000001,-21.97099
90000115,64.0,64.146022000000002,-21.96482
90000116,64.1,64.147147000000004,-21.963372
90000117,156.4,64.147845000000004,-21.959979000000001
90000119,193.2,64.140139000000005,-21.915417000000001
90000120,109.8,64.138605999999996,-21.908553000000001
90000121,103.9,64.137991999999997,-21.903821000000001
90000122,111.0,64.137244999999993,-21.898561999999998
90000124,110.7,64.137737000000001,-21.891639999999999
90000125,144.9,64.136178999999998,-21.887205000000002
90000126,147.9,64.133848,-21.883876999999998
90000127,199.9,64.131478000000001,-21.883642999999999
90000129,178.0,64.1035448158214,-21.783479
90000132,111.9,64.123796999999996,-21.886690000000002
90000133,106.0,64.123012000000003,-21.881727999999999
90000134,104.8,64.122275000000002,-21.874306000000001
90000135,104.3,64.121174999999994,-21.864595999999999
90000136,99.2,64.120459999999994,-21.858523000000002
90000137,84.4,64.120418000000001,-21.852499000000002
90000138,161.4,64.117293000000004,-21.844929
90000139,92.1,64.110214999999997,-21.834441999999999
90000140,101.6,64.110163999999997,-21.828050000000001
90000141,24.6,64.108001999999999,-21.817554999999999
90000142,354.2,64.120923000000005,-21.853695999999999
90000143,176.0,64.120937999999995,-21.853898000000001
90000144,326.4,64.104906999999997,-21.835332999999999
90000145,3.4,64.108241000000007,-21.840572000000002
90000146,29.1,64.123007000000001,-21.8916
90000148,359.0,64.113864000000007,-21.776368000000002
90000150,112.1,64.127955999999998,-21.870843000000001
90000151,339.2,64.118983999999998,-21.845509
90000154,290.9,64.120681000000005,-21.808814000000002
90000155,358.9,64.134956000000003,-21.849685000000001
90000156,348.2,64.141338000000005,-21.850282
90000157,329.0,64.143242000000001,-21.852083
90000158,23.5,64.156867000000005,-21.750616999999998
90000159,148.7,64.142990999999995,-21.852385000000002
90000160,26.4,64.150577999999996,-21.871116000000001
90000161,111.9,64.128536999999994,-21.874255999999999
90000162,259.0,64.151443,-21.882252000000001
90000163,215.1,64.149201000000005,-21.884996000000001
90000164,215.5,64.146968000000001,-21.888725999999998
90000165,261.5,64.146184000000005,-21.896419999999999
90000167,229.9,64.147752999999994,-21.951418
90000168,229.9,64.146702000000005,-21.954384000000001
90000169,230.3,64.145408000000003,-21.958062999999999
90000170,230.4,64.143855000000002,-21.962456
90000171,114.8,64.142178999999999,-21.958518999999999
90000172,184.2,64.141748000000007,-21.961682
90000173,123.7,64.138790999999998,-21.958537
90000174,224.7,64.135388000000006,-21.944293999999999
90000175,44.7,64.135558000000003,-21.943653000000001
90000176,49.8,64.142610000000005,-21.965501
90000177,204.2,64.132627999999997,-21.949452999999998
90000178,24.2,64.132694999999998,-21.949186999999998
90000179,49.9,64.146711999999994,-21.954029999999999
90000180,49.9,64.147682000000003,-21.951281000000002
90000182,81.0,64.146084999999999,-21.895788
90000183,35.7,64.146955000000005,-21.888466999999999
90000184,35.1,64.149219000000002,-21.884687
90000185,349.2,64.150977999999995,-21.882624
90000187,110.9,64.150644,-21.875004000000001
90000188,118.2,64.149017999999998,-21.867405999999999
90000190,273.1,64.158095000000003,-21.751086999999998
90000191,177.5,64.140213000000003,-21.850695999999999
90000192,286.9,64.130847000000003,-21.902054
90000193,177.6,64.133594000000002,-21.850186999999998
90000198,82.5,64.123307,-21.822564
90000200,12.7,64.126020999999994,-21.949149999999999
90000201,28.4,64.128043000000005,-21.946857999999999
90000202,208.4,64.128020000000006,-21.947071000000001
90000203,299.8,64.130487000000002,-21.953125
90000204,110.0,64.132767000000001,-21.952677999999999
90000205,290.0,64.132907000000003,-21.953046000000001
90000206,25.5,64.135620000000003,-21.956061999999999
90000207,25.6,64.137293,-21.954183
90000208,4.2,64.141752999999994,-21.961425999999999
90000209,44.4,64.141204999999999,-21.954021999999998
90000210,33.7,64.1435118726051,-21.9511478070477
90000211,176.7,64.152135000000001,-21.881371000000001
90000212,81.8,64.1453635005561,-21.9075736844657
90000213,93.1,64.146651000000006,-21.879681000000001
90000214,88.1,64.146765000000002,-21.872312999999998
90000215,110.5,64.146572000000006,-21.866614999999999
90000216,189.8,64.145149000000004,-21.864176
90000217,189.6,64.143991,-21.864578000000002
90000218,290.4,64.142426,-21.860592
90000219,177.5,64.141076999999996,-21.861325999999998
90000220,156.7,64.138677000000001,-21.859358
90000221,156.6,64.136089999999996,-21.856742000000001
90000222,266.3,64.133346000000003,-21.854507999999999
90000223,226.6,64.131214,-21.861474999999999
90000224,196.8,64.132621999999998,-21.873460999999999
90000225,196.9,64.130303999999995,-21.875174999999999
90000226,26.0,64.140344,-21.950761
90000227,26.7,64.142334000000005,-21.948415000000001
90000228,123.1,64.126182,-21.864211000000001
90000229,128.6,64.124852000000004,-21.859741
90000230,137.4,64.122957,-21.855559
90000231,209.1,64.123247000000006,-21.891514999999998
90000232,211.6,64.123625000000004,-21.894418999999999
90000233,303.7,64.138760000000005,-21.957975000000001
90000234,317.4,64.123034000000004,-21.855433000000001
90000235,308.6,64.124973999999995,-21.859756000000001
90000236,303.4,64.126677000000001,-21.865428999999999
90000237,292.1,64.128128000000004,-21.871257
90000238,291.9,64.128591,-21.874015
90000239,16.9,64.130322000000007,-21.874594999999999
90000240,18.0,64.133196,-21.872544
90000241,140.9,64.131991999999997,-21.863696000000001
90000242,46.8,64.131254999999996,-21.860710000000001
90000243,336.7,64.136089999999996,-21.856421000000001
90000244,336.6,64.138972999999993,-21.859317000000001
90000245,357.5,64.141084000000006,-21.861124
90000246,205.5,64.139741000000001,-21.951910999999999
90000247,200.7,64.143486999999993,-21.864643000000001
90000248,353.8,64.145522999999997,-21.863876000000001
90000249,286.4,64.146758000000005,-21.867253000000002
90000250,271.8,64.146877000000003,-21.873929
90000251,276.1,64.146805999999998,-21.879884000000001
90000252,261.8,64.145431000000002,-21.908256999999999
90000253,355.0,64.152190000000004,-21.880973000000001
90000254,213.7,64.1434555523398,-21.9514627933193
90000255,216.7,64.14219,-21.953469
90000256,205.5,64.137371000000002,-21.954611
90000257,205.4,64.135383000000004,-21.956831999999999
90000258,119.8,64.130375999999998,-21.952942
90000259,110.1,64.138238999999999,-21.911937000000002
90000260,1.2,64.122247999999999,-21.814985
90000261,260.1,64.12348,-21.821
90000262,184.1,64.132431999999994,-21.814488000000001
90000263,290.1,64.138356999999999,-21.912098
90000264,91.1,64.126644999999996,-21.757383000000001
90000265,115.3,64.126738000000003,-21.750591
90000266,90.3,64.126209000000003,-21.743942000000001
90000267,198.1,64.127986000000007,-21.886471
90000268,289.1,64.128443000000004,-21.895755000000001
90000269,90.3,64.125862999999995,-21.739941999999999
90000270,271.9,64.131308000000004,-21.907267999999998
90000271,19.1,64.133427999999995,-21.911563000000001
90000272,18.5,64.135536999999999,-21.909839999999999
90000273,19.9,64.137355999999997,-21.908407
90000274,294.8,64.142334000000005,-21.958472
90000275,338.8,64.143521000000007,-21.966996000000002
90000276,1.0,64.144942,-21.97167
90000277,118.7,64.150563000000005,-21.981538
90000278,99.9,64.149861000000001,-21.976382000000001
90000279,92.2,64.149580999999998,-21.971682000000001
90000280,67.6,64.149894000000003,-21.967355000000001
90000281,173.7,64.150306,-21.959982
90000282,198.0,64.137407999999994,-21.908802999999999
90000283,194.3,64.135504999999995,-21.910371999999999
90000284,200.3,64.133426,-21.911883
90000285,91.9,64.131193999999994,-21.90699
90000286,110.1,64.130705000000006,-21.901821000000002
90000287,108.2,64.128162000000003,-21.895202999999999
90000288,17.1,64.128950000000003,-21.885133
90000289,220.2,64.128636999999998,-21.767074000000001
90000290,77.9,64.127098000000004,-21.765626999999999
90000291,221.0,64.157482999999999,-21.755441999999999
90000292,24.8,64.138481999999996,-21.921249
90000295,13.7,64.143253000000001,-21.914211000000002
90000296,140.5,64.141782000000006,-21.946535000000001
90000301,132.0,64.130144999999999,-21.914348
90000302,116.5,64.126990000000006,-21.907185999999999
90000303,355.4,64.123937999999995,-21.840328
90000304,198.5,64.114242000000004,-21.790704000000002
90000305,18.5,64.114279999999994,-21.790483999999999
90000306,81.4,64.128770000000003,-21.823604
90000308,106.7,64.128907999999996,-21.814619
90000312,87.8,64.121594000000002,-21.790838999999998
90000315,288.4,64.113179000000002,-21.788440999999999
90000316,288.5,64.115510999999998,-21.791777
90000317,288.4,64.116201000000004,-21.796686000000001
90000318,288.8,64.116902999999994,-21.801745
90000319,288.7,64.117902000000001,-21.808532
90000320,18.3,64.119823999999994,-21.807887000000001
90000321,118.0,64.102624000000006,-21.766770999999999
90000322,227.3,64.100786999999997,-21.765827000000002
90000323,296.5,64.097712000000001,-21.779661000000001
90000324,298.8,64.125434999999996,-21.896737999999999
90000325,295.9,64.127258999999995,-21.907243000000001
90000326,312.1,64.130236999999994,-21.913789000000001
90000327,120.8,64.129536000000002,-21.949618999999998
90000329,300.8,64.129624000000007,-21.949739000000001
90000332,320.4,64.142219999999995,-21.946825
90000333,28.2,64.124713,-21.927987999999999
90000334,286.7,64.129026999999994,-21.814546
90000335,231.9,64.100202999999993,-21.770962000000001
90000336,247.7,64.098996,-21.773999
90000338,219.5,64.098217000000005,-21.776816
90000342,261.4,64.128853000000007,-21.823920000000001
90000343,302.8,64.099587999999997,-21.82799
90000344,7.6,64.101750999999993,-21.830020999999999
90000345,20.5,64.103686999999994,-21.824862
90000346,20.2,64.105647000000005,-21.823142000000001
90000347,20.3,64.107928999999999,-21.821142999999999
90000348,25.1,64.118633000000003,-21.813897999999998
90000349,273.7,64.121233000000004,-21.817246000000001
90000350,276.9,64.121369000000001,-21.827197999999999
90000351,86.9,64.123209000000003,-21.825762999999998
90000352,38.2,64.099132999999995,-21.780391999999999
90000353,83.6,64.125552999999996,-21.819095999999998
90000354,88.2,64.125640000000004,-21.813707999999998
90000355,358.2,64.127211000000003,-21.811826
90000356,109.9,64.136380000000003,-21.806744999999999
90000357,117.9,64.135579000000007,-21.801781999999999
90000358,119.2,64.134635000000003,-21.797646
90000359,10.8,64.135548,-21.793113999999999
90000360,40.2,64.137719000000004,-21.790887000000001
90000361,10.0,64.139240999999998,-21.789273000000001
90000362,87.5,64.139278000000004,-21.784548999999998
90000363,87.9,64.139607999999996,-21.780282
90000364,128.7,64.138552000000004,-21.776655000000002
90000365,34.5,64.154372,-21.784844
90000366,284.0,64.150208000000006,-21.791357000000001
90000367,316.6,64.149303000000003,-21.787534999999998
90000368,223.7,64.145972,-21.787891999999999
90000369,229.2,64.144486999999998,-21.791620999999999
90000370,188.9,64.142182000000005,-21.792563000000001
90000371,276.8,64.140846999999994,-21.794042000000001
90000373,136.3,64.138438,-21.808477
90000374,178.2,64.126981999999998,-21.812224000000001
90000375,40.5,64.102853999999994,-21.776629
90000376,266.9,64.123281000000006,-21.825963000000002
90000377,96.9,64.121291999999997,-21.827179999999998
90000378,93.7,64.121185999999994,-21.817062
90000379,202.6,64.119353000000004,-21.813471
90000380,204.9,64.108298000000005,-21.821069999999999
90000381,200.2,64.105378999999999,-21.823632
90000382,200.0,64.103132000000002,-21.825614000000002
90000383,180.1,64.101747000000003,-21.830307000000001
90000384,126.8,64.099575000000002,-21.828261999999999
90000385,291.4,64.098344999999995,-21.828419
90000386,329.3,64.099943999999994,-21.830724
90000387,329.5,64.102092999999996,-21.833703
90000388,119.9,64.138277,-21.816292
90000389,330.3,64.103370999999996,-21.835476
90000390,135.6,64.136858,-21.812682
90000391,94.0,64.103829000000005,-21.771664000000001
90000394,329.5,64.151934999999995,-21.864747000000001
90000395,111.6,64.128502999999995,-21.870422000000001
90000396,111.7,64.126326000000006,-21.85755
90000397,359.5,64.1011589996583,-21.7780864171875
90000398,198.3,64.119799,-21.808087
90000399,108.7,64.117812000000001,-21.808415
90000400,108.8,64.116860000000003,-21.801618000000001
90000401,108.4,64.116063999999994,-21.796227999999999
90000402,108.5,64.115335000000002,-21.791333999999999
90000403,108.4,64.113026000000005,-21.787925000000001
90000404,197.8,64.111407,-21.785881
90000405,197.9,64.109463000000005,-21.787354000000001
90000406,197.9,64.108063000000001,-21.788401
90000407,153.3,64.105490000000003,-21.786624
90000408,290.1,64.105013999999997,-21.783432000000001
90000409,333.7,64.105808999999994,-21.786807
90000410,17.9,64.108103,-21.788205000000001
90000411,17.8,64.109718999999998,-21.786949
90000412,17.8,64.111586000000003,-21.785536
90000413,179.0,64.123604999999998,-21.823945999999999
90000414,291.5,64.126723999999996,-21.857773999999999
90000415,291.6,64.128968,-21.871115
90000418,51.3,64.153683000000001,-21.762822
90000419,149.5,64.152092999999994,-21.865259000000002
90000420,202.3,64.156749000000005,-21.750935999999999
90000421,357.8,64.124564000000007,-21.823575999999999
90000422,196.9,64.127854999999997,-21.876909999999999
90000423,199.2,64.124461999999994,-21.879465
90000424,210.6,64.096286000000006,-21.827762
90000425,231.0,64.094853000000001,-21.830760999999999
90000426,230.0,64.092737,-21.836881999999999
90000427,305.2,64.093942999999996,-21.841788000000001
90000428,353.7,64.096073000000004,-21.845217999999999
90000429,61.7,64.096551000000005,-21.843836
90000431,296.2,64.098760999999996,-21.852779000000002
90000432,1.6,64.100544999999997,-21.857308
90000433,88.7,64.102521999999993,-21.850059999999999
90000434,36.2,64.104422,-21.84403
90000435,19.1,64.124771999999993,-21.878778000000001
90000436,152.8,64.097731999999993,-21.827839999999998
90000437,16.8,64.127889999999994,-21.876432000000001
90000438,73.1,64.155023,-21.757956
90000439,333.8,64.139365999999995,-21.771996999999999
90000440,277.1,64.144959999999998,-21.775592
90000441,41.0,64.157506999999995,-21.755284
90000442,99.3,64.158046999999996,-21.750857
90000443,253.1,64.155090999999999,-21.758423000000001
90000444,91.2,64.101671,-21.822682
90000445,59.3,64.101979,-21.817125999999998
90000446,0.5,64.104659999999996,-21.816776000000001
90000447,90.3,64.107772999999995,-21.815871000000001
90000448,90.9,64.107738999999995,-21.809419999999999
90000449,328.1,64.109273000000002,-21.804421000000001
90000450,259.5,64.110243999999994,-21.809901
90000451,0.3,64.110557999999997,-21.815390000000001
90000452,255.0,64.111675000000005,-21.818466999999998
90000453,206.9,64.110290000000006,-21.820872000000001
90000454,214.5,64.154410999999996,-21.785038
90000455,82.8,64.152964,-21.785334
90000456,19.4,64.138306,-21.806982
90000457,108.5,64.104934999999998,-21.783863
90000458,109.0,64.135469,-21.91402
90000459,206.9,64.150767000000002,-21.871359999999999
90000460,113.4,64.133799999999994,-21.903618000000002
90000461,109.4,64.132227,-21.893581000000001
90000462,135.0,64.139654,-21.812038
90000467,224.6,64.137054,-21.810411
90000468,166.4,64.148904999999999,-21.779651999999999
90000469,10.6,64.14819,-21.772144
90000470,200.4,64.146930999999995,-21.779582000000001
90000471,231.5,64.153307999999996,-21.764408
90000472,334.4,64.147073000000006,-21.783000000000001
90000473,316.3,64.138513,-21.808404
90000474,315.0,64.139761,-21.812023
90000475,239.4,64.140624,-21.817025
90000476,219.6,64.154821,-21.791579
90000477,246.7,64.154217,-21.793594
90000478,195.8,64.153033,-21.797047
90000480,214.6,64.137622,-21.808404
90000481,289.8,64.134129000000001,-21.903928000000001
90000482,315.6,64.136911,-21.812576
90000483,287.5,64.136005999999995,-21.916077999999999
90000484,103.9,64.152593,-21.778546
90000485,15.8,64.153037999999995,-21.796900999999998
90000486,66.7,64.154145999999997,-21.793517000000001
90000487,39.6,64.154769000000002,-21.791419999999999
90000489,299.9,64.138383,-21.816256
90000490,185.7,64.144481,-21.806232
90000491,317.7,64.138692000000006,-21.776710000000001
90000492,267.9,64.139617999999999,-21.781186000000002
90000493,267.5,64.139360999999994,-21.784849000000001
90000494,189.2,64.139109000000005,-21.789567999999999
90000495,220.2,64.137739999999994,-21.791091999999999
90000496,190.8,64.135625000000005,-21.793327000000001
90000497,297.9,64.134851999999995,-21.798155999999999
90000498,293.9,64.135784000000001,-21.802316999999999
90000499,294.2,64.136534999999995,-21.807020000000001
90000500,113.7,64.149625,-21.788861000000001
90000501,262.8,64.153015,-21.785335
90000502,283.9,64.15272,-21.779028
90000503,28.1,64.139427,-21.818164
90000504,10.9,64.133314999999996,-21.813624000000001
90000507,59.4,64.140539,-21.81694
90000508,216.2,64.104707000000005,-21.843823
90000509,273.3,64.102635000000006,-21.850158
90000510,205.9,64.100688000000005,-21.857382000000001
90000511,116.0,64.098483999999999,-21.851918000000001
90000512,157.7,64.096777000000003,-21.843647000000001
90000513,173.7,64.095962,-21.845364
90000514,128.2,64.093635000000006,-21.841113
90000515,51.5,64.092905999999999,-21.836071
90000516,51.1,64.094551999999993,-21.831356
90000517,30.6,64.09639,-21.827376999999998
90000518,190.6,64.148161,-21.772222
90000519,17.0,64.145171,-21.774141
90000521,332.8,64.097864000000001,-21.827732999999998
90000522,111.1,64.107945999999998,-21.817730000000001
90000523,192.7,64.139332,-21.818393
90000524,181.1,64.104985999999997,-21.817050999999999
90000525,239.3,64.101994000000005,-21.817495000000001
90000526,270.4,64.101775,-21.82293
90000527,218.1,64.12567,-21.735856999999999
90000529,99.7,64.140749,-21.793928000000001
90000530,6.0,64.142384000000007,-21.792345000000001
90000531,45.0,64.144565999999998,-21.791284000000001
90000532,23.6,64.146055000000004,-21.787452999999999
90000534,153.8,64.139227000000005,-21.772366999999999
90000537,358.0,64.1035037890937,-21.7832391624273
90000541,129.6,64.130432999999996,-21.763805999999999
90000542,54.7,64.129225000000005,-21.765284000000001
90000546,270.3,64.126337000000007,-21.744282999999999
90000547,256.5,64.126919000000001,-21.752396000000001
90000548,271.1,64.126812000000001,-21.757563999999999
90000549,270.3,64.125966000000005,-21.740397999999999
90000550,258.8,64.127101999999994,-21.767292000000001
90000551,38.1,64.125667000000007,-21.735565999999999
90000556,197.1,64.126062000000005,-21.878181999999999
90000557,16.9,64.1265509276963,-21.8774411223735
90000558,262.4,64.129084000000006,-21.820367999999998
90000559,81.9,64.129017000000005,-21.819683000000001
90000600,88.1,64.124237,-21.793601
90000609,179.5,64.130283,-21.930057
90000627,297.3,64.150638000000001,-21.874600999999998
90000628,298.8,64.148988000000003,-21.867222000000002
90000629,321.2,64.145760999999993,-21.858682999999999
90000630,35.2,64.149555000000007,-21.888833000000002
90000631,215.3,64.149596000000003,-21.889514999999999
90000632,193.4,64.150362999999999,-21.784939000000001
90000633,13.4,64.150336999999993,-21.784783999999998
90000634,15.1,64.100352999999998,-21.778268000000001
90000635,20.7,64.152002999999993,-21.798608000000002
90000636,200.7,64.152008,-21.79878
90000645,269.1,64.124466999999996,-21.798732000000001
90000650,11.4,64.12986,-21.727788
90000651,283.3,64.13279,-21.736783
90000652,217.6,64.13123,-21.751643
90000653,295.4,64.13606,-21.735226
90000654,234.3,64.13642,-21.740884
90000655,37.6,64.13119,-21.751475
90000656,103.3,64.13277,-21.736831
90000657,204.2,64.12942,-21.728207
90000661,143.3,64.145752,-21.783106
90000702,69.1,64.208419000000006,-21.712028
90000703,337.4,64.237888999999996,-21.824185
90000704,327.3,64.240824000000003,-21.828047999999999
90000705,294.2,64.241861999999998,-21.829999000000001
90000707,147.3,64.240628999999998,-21.827923999999999
90000708,157.4,64.237804999999994,-21.824263999999999
90000709,271.9,64.135909,-21.928974
90000711,128.7,64.241735000000006,-21.82977
90000712,99.1,64.14943,-21.930277
90000713,242.8,64.149398,-21.932189
90000717,31.1,64.110748000000001,-21.819953999999999
90000718,90.2,64.111620000000002,-21.817805
90000719,180.3,64.110622000000006,-21.815553999999999
90000720,80.5,64.110190000000003,-21.809422999999999
90000721,157.1,64.109089999999995,-21.804492
90000722,270.9,64.107806999999994,-21.808807000000002
90000723,270.3,64.107844999999998,-21.816040000000001
90000724,150.3,64.103092000000004,-21.835325999999998
90000725,149.5,64.101909000000006,-21.833665
90000726,248.0,64.099637999999999,-21.830507000000001
90000727,126.2,64.098228000000006,-21.828427000000001
90000729,289.0,64.114922000000007,-21.787623
90000731,198.8,64.119653999999997,-21.797871000000001
90000732,196.9,64.117652000000007,-21.799351999999999
90000733,16.9,64.117724999999993,-21.799091000000001
90000734,18.8,64.119641000000001,-21.797585999999999
90000736,44.6,64.136947,-21.810359
90000737,185.1,64.144200999999995,-21.774926000000001
90000740,100.6,64.138160999999997,-21.773972000000001
90000741,280.3,64.138281000000006,-21.77421
90000744,174.1,64.122195000000005,-21.815114000000001
90000745,149.7,64.151332999999994,-21.775997
90000746,329.7,64.151367,-21.775864
90000747,130.6,64.194125999999997,-21.697398
90000748,310.6,64.194212,-21.697271
90000749,298.0,64.102703000000005,-21.766722999999999
90000750,274.0,64.103900999999993,-21.771639
90000751,220.5,64.102902999999998,-21.776744000000001
90000752,185.8,64.101478,-21.778261000000001
90000753,54.3,64.134737999999999,-21.745795000000001
90000754,332.1,64.146047,-21.783243
90000755,5.7,64.121937000000003,-21.806509999999999
90000756,88.8,64.123575000000002,-21.803080999999999
90000757,181.4,64.123163000000005,-21.797097000000001
90000758,8.4,64.123373999999998,-21.796755999999998
90000759,268.8,64.123692000000005,-21.803101000000002
90000760,185.7,64.121949999999998,-21.806757999999999
90000763,344.3,64.134028999999998,-21.750167000000001
90000764,32.7,64.126632,-21.731949
90000767,246.3,64.126568,-21.732504
90000768,8.1,64.144192,-21.809488
90000769,91.2,64.145946,-21.772323
90000770,5.7,64.144722,-21.805754
90000771,19.1,64.1358527085922,-21.7601463181546
90000772,199.4,64.135916,-21.760679
90000775,308.0,64.147036,-21.921625
90000776,127.6,64.146499939059,-21.9209138374482
90000777,54.3,64.136328,-21.740712
90000778,115.0,64.135914492146497,-21.735381759014501
90000779,234.3,64.1348595193503,-21.7459323444902
90000780,81.0,64.145743026896497,-21.901810070218801
90000781,261.0,64.1458538511298,-21.902033705472
90000784,334.2,64.146497586512893,-21.9649264770744
90000797,95.0,64.113354,-21.784981
90000821,295.0,64.1456391584898,-21.9248541506857
90000822,115.0,64.1457374271584,-21.9258222252765
90000823,114.9,64.1445306090398,-21.9197335300998
90000824,271.9,64.1513505277903,-21.7740144891439
90000825,317.7,64.1505905585822,-21.780350566037
90000829,57.2,64.1396529521985,-21.9283675315089
90000830,58.1,64.1409925210397,-21.9232080587545
90000831,148.3,64.1408158421469,-21.923355354822
90000832,229.8,64.1394715302765,-21.9294740174921
90000833,36.8,64.1480436105954,-21.9346417050613
90000834,109.3,64.13820220612,-21.9325578575586
90000835,285.9,64.1383737307461,-21.9331339700046
90000839,309.1,64.1305961186251,-21.7638520718002
90000840,241.4,64.1234543423351,-21.7794510433599
90000841,267.9,64.1216751303119,-21.791994722479
90000842,63.6,64.1232972804537,-21.7794661350101
90000844,271.9,64.13597,-21.929238
90000845,104.8,64.135734,-21.9311
90000846,297.4,64.14959,-21.93968
90000848,192.3,64.150913,-21.771791
90000849,74.1,64.151137,-21.769966
90000852,155.0,64.1342960813657,-21.9228104042483
90010295,0.0,64.143303656234,-21.9146771540298
90020295,0.0,64.14371863723369,-21.915081291158856
90030295,0.0,64.143421,-21.913936
90040295,0.0,64.14363220143551,-21.913304988618993
